[gd_scene load_steps=8 format=3 uid="uid://cdwpmf6qnin8"]

[ext_resource type="PackedScene" uid="uid://cbpd8lgp71pcs" path="res://spider_bot_model.tscn" id="1_12ttw"]
[ext_resource type="PackedScene" uid="uid://8mvpauybv8ab" path="res://see_bot.tscn" id="2_djpqd"]

[sub_resource type="ProceduralSkyMaterial" id="ProceduralSkyMaterial_fcbpl"]
sky_horizon_color = Color(0.64625, 0.65575, 0.67075, 1)
ground_horizon_color = Color(0.64625, 0.65575, 0.67075, 1)

[sub_resource type="Sky" id="Sky_o8ud8"]
sky_material = SubResource("ProceduralSkyMaterial_fcbpl")

[sub_resource type="Environment" id="Environment_wrdpx"]
background_mode = 2
sky = SubResource("Sky_o8ud8")
tonemap_mode = 2
glow_enabled = true

[sub_resource type="StandardMaterial3D" id="StandardMaterial3D_d20l5"]
albedo_color = Color(0.172549, 0.407843, 0.176471, 1)

[sub_resource type="CylinderMesh" id="CylinderMesh_gynnk"]
top_radius = 0.1
bottom_radius = 0.1
height = 10.0

[node name="TestingLookers" type="Node3D"]

[node name="WorldEnvironment" type="WorldEnvironment" parent="."]
environment = SubResource("Environment_wrdpx")

[node name="DirectionalLight3D" type="DirectionalLight3D" parent="."]
transform = Transform3D(-0.866023, -0.433016, 0.250001, 0, 0.499998, 0.866027, -0.500003, 0.749999, -0.43301, 0, 0, 0)
shadow_enabled = true

[node name="Floor" type="CSGBox3D" parent="."]
transform = Transform3D(1, 0, 0, 0, 1, 0, 0, 0, 1, 0, -2, 0)
use_collision = true
size = Vector3(500, 4, 500)
material = SubResource("StandardMaterial3D_d20l5")

[node name="SpiderBot" parent="." instance=ExtResource("1_12ttw")]

[node name="Camera3D" type="Camera3D" parent="."]
transform = Transform3D(1, 0, 0, 0, -4.37114e-08, 1, 0, -1, -4.37114e-08, 0, 25, 0)

[node name="SeeBot" parent="." node_paths=PackedStringArray("target") instance=ExtResource("2_djpqd")]
transform = Transform3D(1, 0, 0, 0, 1, 0, 0, 0, 1, 9.09179, 1, 0.812617)
target = NodePath("../SpiderBot")
detection_angle = 90.0
detection_distance = 12.0

[node name="MeshInstance3D2" type="MeshInstance3D" parent="SeeBot"]
transform = Transform3D(0.707107, 0.707107, -3.09086e-08, 0, -4.37114e-08, -1, -0.707107, 0.707107, -3.09086e-08, -3.78423, 0, -3.6963)
mesh = SubResource("CylinderMesh_gynnk")

[node name="MeshInstance3D3" type="MeshInstance3D" parent="SeeBot"]
transform = Transform3D(0.707107, -0.707107, 3.09086e-08, 0, -4.37114e-08, -1, 0.707107, 0.707107, -3.09086e-08, 3.62142, 0, -3.67857)
mesh = SubResource("CylinderMesh_gynnk")
